// Gauß-Kronrod (5, 11) quadrature rule
// 
// [1]  A. S. Kronrod, Nodes and Weights of Quadrature Formulas (Consultants
//      Bureau, 1965).
// [2]  T. N. L. Patterson, Math. Comp. 22 (1968), 847-856
// [3]  R. Piessens, M. Branders, Math. Comp. 28 (1974), 135–139

const double QUAD_G5K11_PTS[][2] = {
    {-0.49204268004742123225, -0.49204268004742123225},
    {-0.49204268004742123225, -0.45308992296933199640},
    {-0.49204268004742123225, -0.37708336328542461022},
    {-0.49204268004742123225, -0.26923465505284154552},
    {-0.49204268004742123225, -0.13981520658089159671},
    {-0.49204268004742123225,  0},
    {-0.49204268004742123225,  0.13981520658089159671},
    {-0.49204268004742123225,  0.26923465505284154552},
    {-0.49204268004742123225,  0.37708336328542461022},
    {-0.49204268004742123225,  0.45308992296933199640},
    {-0.49204268004742123225,  0.49204268004742123225},
    {-0.45308992296933199640, -0.49204268004742123225},
    {-0.45308992296933199640, -0.45308992296933199640},
    {-0.45308992296933199640, -0.37708336328542461022},
    {-0.45308992296933199640, -0.26923465505284154552},
    {-0.45308992296933199640, -0.13981520658089159671},
    {-0.45308992296933199640,  0},
    {-0.45308992296933199640,  0.13981520658089159671},
    {-0.45308992296933199640,  0.26923465505284154552},
    {-0.45308992296933199640,  0.37708336328542461022},
    {-0.45308992296933199640,  0.45308992296933199640},
    {-0.45308992296933199640,  0.49204268004742123225},
    {-0.37708336328542461022, -0.49204268004742123225},
    {-0.37708336328542461022, -0.45308992296933199640},
    {-0.37708336328542461022, -0.37708336328542461022},
    {-0.37708336328542461022, -0.26923465505284154552},
    {-0.37708336328542461022, -0.13981520658089159671},
    {-0.37708336328542461022,  0},
    {-0.37708336328542461022,  0.13981520658089159671},
    {-0.37708336328542461022,  0.26923465505284154552},
    {-0.37708336328542461022,  0.37708336328542461022},
    {-0.37708336328542461022,  0.45308992296933199640},
    {-0.37708336328542461022,  0.49204268004742123225},
    {-0.26923465505284154552, -0.49204268004742123225},
    {-0.26923465505284154552, -0.45308992296933199640},
    {-0.26923465505284154552, -0.37708336328542461022},
    {-0.26923465505284154552, -0.26923465505284154552},
    {-0.26923465505284154552, -0.13981520658089159671},
    {-0.26923465505284154552,  0},
    {-0.26923465505284154552,  0.13981520658089159671},
    {-0.26923465505284154552,  0.26923465505284154552},
    {-0.26923465505284154552,  0.37708336328542461022},
    {-0.26923465505284154552,  0.45308992296933199640},
    {-0.26923465505284154552,  0.49204268004742123225},
    {-0.13981520658089159671, -0.49204268004742123225},
    {-0.13981520658089159671, -0.45308992296933199640},
    {-0.13981520658089159671, -0.37708336328542461022},
    {-0.13981520658089159671, -0.26923465505284154552},
    {-0.13981520658089159671, -0.13981520658089159671},
    {-0.13981520658089159671,  0},
    {-0.13981520658089159671,  0.13981520658089159671},
    {-0.13981520658089159671,  0.26923465505284154552},
    {-0.13981520658089159671,  0.37708336328542461022},
    {-0.13981520658089159671,  0.45308992296933199640},
    {-0.13981520658089159671,  0.49204268004742123225},
    { 0,                      -0.49204268004742123225},
    { 0,                      -0.45308992296933199640},
    { 0,                      -0.37708336328542461022},
    { 0,                      -0.26923465505284154552},
    { 0,                      -0.13981520658089159671},
    { 0,                       0},
    { 0,                       0.13981520658089159671},
    { 0,                       0.26923465505284154552},
    { 0,                       0.37708336328542461022},
    { 0,                       0.45308992296933199640},
    { 0,                       0.49204268004742123225},
    { 0.13981520658089159671, -0.49204268004742123225},
    { 0.13981520658089159671, -0.45308992296933199640},
    { 0.13981520658089159671, -0.37708336328542461022},
    { 0.13981520658089159671, -0.26923465505284154552},
    { 0.13981520658089159671, -0.13981520658089159671},
    { 0.13981520658089159671,  0},
    { 0.13981520658089159671,  0.13981520658089159671},
    { 0.13981520658089159671,  0.26923465505284154552},
    { 0.13981520658089159671,  0.37708336328542461022},
    { 0.13981520658089159671,  0.45308992296933199640},
    { 0.13981520658089159671,  0.49204268004742123225},
    { 0.26923465505284154552, -0.49204268004742123225},
    { 0.26923465505284154552, -0.45308992296933199640},
    { 0.26923465505284154552, -0.37708336328542461022},
    { 0.26923465505284154552, -0.26923465505284154552},
    { 0.26923465505284154552, -0.13981520658089159671},
    { 0.26923465505284154552,  0},
    { 0.26923465505284154552,  0.13981520658089159671},
    { 0.26923465505284154552,  0.26923465505284154552},
    { 0.26923465505284154552,  0.37708336328542461022},
    { 0.26923465505284154552,  0.45308992296933199640},
    { 0.26923465505284154552,  0.49204268004742123225},
    { 0.37708336328542461022, -0.49204268004742123225},
    { 0.37708336328542461022, -0.45308992296933199640},
    { 0.37708336328542461022, -0.37708336328542461022},
    { 0.37708336328542461022, -0.26923465505284154552},
    { 0.37708336328542461022, -0.13981520658089159671},
    { 0.37708336328542461022,  0},
    { 0.37708336328542461022,  0.13981520658089159671},
    { 0.37708336328542461022,  0.26923465505284154552},
    { 0.37708336328542461022,  0.37708336328542461022},
    { 0.37708336328542461022,  0.45308992296933199640},
    { 0.37708336328542461022,  0.49204268004742123225},
    { 0.45308992296933199640, -0.49204268004742123225},
    { 0.45308992296933199640, -0.45308992296933199640},
    { 0.45308992296933199640, -0.37708336328542461022},
    { 0.45308992296933199640, -0.26923465505284154552},
    { 0.45308992296933199640, -0.13981520658089159671},
    { 0.45308992296933199640,  0},
    { 0.45308992296933199640,  0.13981520658089159671},
    { 0.45308992296933199640,  0.26923465505284154552},
    { 0.45308992296933199640,  0.37708336328542461022},
    { 0.45308992296933199640,  0.45308992296933199640},
    { 0.45308992296933199640,  0.49204268004742123225},
    { 0.49204268004742123225, -0.49204268004742123225},
    { 0.49204268004742123225, -0.45308992296933199640},
    { 0.49204268004742123225, -0.37708336328542461022},
    { 0.49204268004742123225, -0.26923465505284154552},
    { 0.49204268004742123225, -0.13981520658089159671},
    { 0.49204268004742123225,  0},
    { 0.49204268004742123225,  0.13981520658089159671},
    { 0.49204268004742123225,  0.26923465505284154552},
    { 0.49204268004742123225,  0.37708336328542461022},
    { 0.49204268004742123225,  0.45308992296933199640},
    { 0.49204268004742123225,  0.49204268004742123225}
};

const double QUAD_G5K11_WHT[] = {
    0.00045330746346762096402,
    0.0012267173308418027823,
    0.0019885895960249827581,
    0.002565997145881875888,
    0.0029046250731414955501,
    0.003012545156825360548,
    0.0029046250731414955501,
    0.002565997145881875888,
    0.0019885895960249827581,
    0.0012267173308418027823,
    0.00045330746346762096402,
    0.0012267173308418027823,
    0.003319679314953800755,
    0.005381418833731139022,
    0.006943969432280785417,
    0.007860346903542262231,
    0.00815239468053711660,
    0.007860346903542262231,
    0.006943969432280785417,
    0.005381418833731139022,
    0.003319679314953800755,
    0.0012267173308418027823,
    0.0019885895960249827581,
    0.005381418833731139022,
    0.008723634398535039769,
    0.011256631842539643533,
    0.012742140084386810112,
    0.01321556876781109835,
    0.012742140084386810112,
    0.011256631842539643533,
    0.008723634398535039769,
    0.005381418833731139022,
    0.0019885895960249827581,
    0.002565997145881875888,
    0.006943969432280785417,
    0.011256631842539643533,
    0.01452511128386537617,
    0.01644195220286812493,
    0.01705284579945218147,
    0.01644195220286812493,
    0.01452511128386537617,
    0.011256631842539643533,
    0.006943969432280785417,
    0.002565997145881875888,
    0.0029046250731414955501,
    0.007860346903542262231,
    0.012742140084386810112,
    0.01644195220286812493,
    0.018611753600930660639,
    0.01930326522654075424,
    0.018611753600930660639,
    0.01644195220286812493,
    0.012742140084386810112,
    0.007860346903542262231,
    0.0029046250731414955501,
    0.003012545156825360548,
    0.00815239468053711660,
    0.01321556876781109835,
    0.01705284579945218147,
    0.01930326522654075424,
    0.02002046966641258420,
    0.01930326522654075424,
    0.01705284579945218147,
    0.01321556876781109835,
    0.00815239468053711660,
    0.003012545156825360548,
    0.0029046250731414955501,
    0.007860346903542262231,
    0.012742140084386810112,
    0.01644195220286812493,
    0.018611753600930660639,
    0.01930326522654075424,
    0.018611753600930660639,
    0.01644195220286812493,
    0.012742140084386810112,
    0.007860346903542262231,
    0.0029046250731414955501,
    0.002565997145881875888,
    0.006943969432280785417,
    0.011256631842539643533,
    0.01452511128386537617,
    0.01644195220286812493,
    0.01705284579945218147,
    0.01644195220286812493,
    0.01452511128386537617,
    0.011256631842539643533,
    0.006943969432280785417,
    0.002565997145881875888,
    0.0019885895960249827581,
    0.005381418833731139022,
    0.008723634398535039769,
    0.011256631842539643533,
    0.012742140084386810112,
    0.01321556876781109835,
    0.012742140084386810112,
    0.011256631842539643533,
    0.008723634398535039769,
    0.005381418833731139022,
    0.0019885895960249827581,
    0.0012267173308418027823,
    0.003319679314953800755,
    0.005381418833731139022,
    0.006943969432280785417,
    0.007860346903542262231,
    0.00815239468053711660,
    0.007860346903542262231,
    0.006943969432280785417,
    0.005381418833731139022,
    0.003319679314953800755,
    0.0012267173308418027823,
    0.00045330746346762096402,
    0.0012267173308418027823,
    0.0019885895960249827581,
    0.002565997145881875888,
    0.0029046250731414955501,
    0.003012545156825360548,
    0.0029046250731414955501,
    0.002565997145881875888,
    0.0019885895960249827581,
    0.0012267173308418027823,
    0.00045330746346762096402
};

const double QUAD_G5K11_ERR[] = {
    0.00045330746346762096402,
   -0.0012954900008536934252,
    0.0019885895960249827581,
   -0.0025292487634494891173,
    0.0029046250731414955501,
   -0.003043566736661833459,
    0.0029046250731414955501,
   -0.0025292487634494891173,
    0.0019885895960249827581,
   -0.0012954900008536934252,
    0.00045330746346762096402,
   -0.0012954900008536934252,
    0.003702331149532861166,
   -0.005683113879805035519,
    0.007228242962636385614,
   -0.008301016510292940081,
    0.008698092557564844490,
   -0.008301016510292940081,
    0.007228242962636385614,
   -0.005683113879805035519,
    0.003702331149532861166,
   -0.0012954900008536934252,
    0.0019885895960249827581,
   -0.005683113879805035519,
    0.008723634398535039769,
   -0.011095422383474535095,
    0.012742140084386810112,
   -0.013351655631334524050,
    0.012742140084386810112,
   -0.011095422383474535095,
    0.008723634398535039769,
   -0.005683113879805035519,
    0.0019885895960249827581,
   -0.0025292487634494891173,
    0.007228242962636385614,
   -0.011095422383474535095,
    0.014112053789001213862,
   -0.016206482280987768862,
    0.016981713352548387194,
   -0.016206482280987768862,
    0.014112053789001213862,
   -0.011095422383474535095,
    0.007228242962636385614,
   -0.0025292487634494891173,
    0.0029046250731414955501,
   -0.008301016510292940081,
    0.012742140084386810112,
   -0.016206482280987768862,
    0.018611753600930660639,
   -0.019502039934356514716,
    0.018611753600930660639,
   -0.016206482280987768862,
    0.012742140084386810112,
   -0.008301016510292940081,
    0.0029046250731414955501,
   -0.003043566736661833459,
    0.008698092557564844490,
   -0.013351655631334524050,
    0.016981713352548387194,
   -0.019502039934356514716,
    0.02043491278447928108,
   -0.019502039934356514716,
    0.016981713352548387194,
   -0.013351655631334524050,
    0.008698092557564844490,
   -0.003043566736661833459,
    0.0029046250731414955501,
   -0.008301016510292940081,
    0.012742140084386810112,
   -0.016206482280987768862,
    0.018611753600930660639,
   -0.019502039934356514716,
    0.018611753600930660639,
   -0.016206482280987768862,
    0.012742140084386810112,
   -0.008301016510292940081,
    0.0029046250731414955501,
   -0.0025292487634494891173,
    0.007228242962636385614,
   -0.011095422383474535095,
    0.014112053789001213862,
   -0.016206482280987768862,
    0.016981713352548387194,
   -0.016206482280987768862,
    0.014112053789001213862,
   -0.011095422383474535095,
    0.007228242962636385614,
   -0.0025292487634494891173,
    0.0019885895960249827581,
   -0.005683113879805035519,
    0.008723634398535039769,
   -0.011095422383474535095,
    0.012742140084386810112,
   -0.013351655631334524050,
    0.012742140084386810112,
   -0.011095422383474535095,
    0.008723634398535039769,
   -0.005683113879805035519,
    0.0019885895960249827581,
   -0.0012954900008536934252,
    0.003702331149532861166,
   -0.005683113879805035519,
    0.007228242962636385614,
   -0.008301016510292940081,
    0.008698092557564844490,
   -0.008301016510292940081,
    0.007228242962636385614,
   -0.005683113879805035519,
    0.003702331149532861166,
   -0.0012954900008536934252,
    0.00045330746346762096402,
   -0.0012954900008536934252,
    0.0019885895960249827581,
   -0.0025292487634494891173,
    0.0029046250731414955501,
   -0.003043566736661833459,
    0.0029046250731414955501,
   -0.0025292487634494891173,
    0.0019885895960249827581,
   -0.0012954900008536934252,
    0.00045330746346762096402
};
