// Gauß-Kronrod (7, 15) quadrature rule
// 
// [1]  A. S. Kronrod, Nodes and Weights of Quadrature Formulas (Consultants
//      Bureau, 1965).
// [2]  T. N. L. Patterson, Math. Comp. 22 (1968), 847-856
// [3]  R. Piessens, M. Branders, Math. Comp. 28 (1974), 135–139

const double QUAD_G7K15_PTS[][2] = {
    {-0.49572768556040631960, -0.49572768556040631960},
    {-0.49572768556040631960, -0.47455395617137926226},
    {-0.49572768556040631960, -0.43243221167988453639},
    {-0.49572768556040631960, -0.37076559279969721993},
    {-0.49572768556040631960, -0.29304361773384556515},
    {-0.49572768556040631960, -0.20292257568869858345},
    {-0.49572768556040631960, -0.10389247750394923380},
    {-0.49572768556040631960,  0},
    {-0.49572768556040631960,  0.10389247750394923380},
    {-0.49572768556040631960,  0.20292257568869858345},
    {-0.49572768556040631960,  0.29304361773384556515},
    {-0.49572768556040631960,  0.37076559279969721993},
    {-0.49572768556040631960,  0.43243221167988453639},
    {-0.49572768556040631960,  0.47455395617137926226},
    {-0.49572768556040631960,  0.49572768556040631960},
    {-0.47455395617137926226, -0.49572768556040631960},
    {-0.47455395617137926226, -0.47455395617137926226},
    {-0.47455395617137926226, -0.43243221167988453639},
    {-0.47455395617137926226, -0.37076559279969721993},
    {-0.47455395617137926226, -0.29304361773384556515},
    {-0.47455395617137926226, -0.20292257568869858345},
    {-0.47455395617137926226, -0.10389247750394923380},
    {-0.47455395617137926226,  0},
    {-0.47455395617137926226,  0.10389247750394923380},
    {-0.47455395617137926226,  0.20292257568869858345},
    {-0.47455395617137926226,  0.29304361773384556515},
    {-0.47455395617137926226,  0.37076559279969721993},
    {-0.47455395617137926226,  0.43243221167988453639},
    {-0.47455395617137926226,  0.47455395617137926226},
    {-0.47455395617137926226,  0.49572768556040631960},
    {-0.43243221167988453639, -0.49572768556040631960},
    {-0.43243221167988453639, -0.47455395617137926226},
    {-0.43243221167988453639, -0.43243221167988453639},
    {-0.43243221167988453639, -0.37076559279969721993},
    {-0.43243221167988453639, -0.29304361773384556515},
    {-0.43243221167988453639, -0.20292257568869858345},
    {-0.43243221167988453639, -0.10389247750394923380},
    {-0.43243221167988453639,  0},
    {-0.43243221167988453639,  0.10389247750394923380},
    {-0.43243221167988453639,  0.20292257568869858345},
    {-0.43243221167988453639,  0.29304361773384556515},
    {-0.43243221167988453639,  0.37076559279969721993},
    {-0.43243221167988453639,  0.43243221167988453639},
    {-0.43243221167988453639,  0.47455395617137926226},
    {-0.43243221167988453639,  0.49572768556040631960},
    {-0.37076559279969721993, -0.49572768556040631960},
    {-0.37076559279969721993, -0.47455395617137926226},
    {-0.37076559279969721993, -0.43243221167988453639},
    {-0.37076559279969721993, -0.37076559279969721993},
    {-0.37076559279969721993, -0.29304361773384556515},
    {-0.37076559279969721993, -0.20292257568869858345},
    {-0.37076559279969721993, -0.10389247750394923380},
    {-0.37076559279969721993,  0},
    {-0.37076559279969721993,  0.10389247750394923380},
    {-0.37076559279969721993,  0.20292257568869858345},
    {-0.37076559279969721993,  0.29304361773384556515},
    {-0.37076559279969721993,  0.37076559279969721993},
    {-0.37076559279969721993,  0.43243221167988453639},
    {-0.37076559279969721993,  0.47455395617137926226},
    {-0.37076559279969721993,  0.49572768556040631960},
    {-0.29304361773384556515, -0.49572768556040631960},
    {-0.29304361773384556515, -0.47455395617137926226},
    {-0.29304361773384556515, -0.43243221167988453639},
    {-0.29304361773384556515, -0.37076559279969721993},
    {-0.29304361773384556515, -0.29304361773384556515},
    {-0.29304361773384556515, -0.20292257568869858345},
    {-0.29304361773384556515, -0.10389247750394923380},
    {-0.29304361773384556515,  0},
    {-0.29304361773384556515,  0.10389247750394923380},
    {-0.29304361773384556515,  0.20292257568869858345},
    {-0.29304361773384556515,  0.29304361773384556515},
    {-0.29304361773384556515,  0.37076559279969721993},
    {-0.29304361773384556515,  0.43243221167988453639},
    {-0.29304361773384556515,  0.47455395617137926226},
    {-0.29304361773384556515,  0.49572768556040631960},
    {-0.20292257568869858345, -0.49572768556040631960},
    {-0.20292257568869858345, -0.47455395617137926226},
    {-0.20292257568869858345, -0.43243221167988453639},
    {-0.20292257568869858345, -0.37076559279969721993},
    {-0.20292257568869858345, -0.29304361773384556515},
    {-0.20292257568869858345, -0.20292257568869858345},
    {-0.20292257568869858345, -0.10389247750394923380},
    {-0.20292257568869858345,  0},
    {-0.20292257568869858345,  0.10389247750394923380},
    {-0.20292257568869858345,  0.20292257568869858345},
    {-0.20292257568869858345,  0.29304361773384556515},
    {-0.20292257568869858345,  0.37076559279969721993},
    {-0.20292257568869858345,  0.43243221167988453639},
    {-0.20292257568869858345,  0.47455395617137926226},
    {-0.20292257568869858345,  0.49572768556040631960},
    {-0.10389247750394923380, -0.49572768556040631960},
    {-0.10389247750394923380, -0.47455395617137926226},
    {-0.10389247750394923380, -0.43243221167988453639},
    {-0.10389247750394923380, -0.37076559279969721993},
    {-0.10389247750394923380, -0.29304361773384556515},
    {-0.10389247750394923380, -0.20292257568869858345},
    {-0.10389247750394923380, -0.10389247750394923380},
    {-0.10389247750394923380,  0},
    {-0.10389247750394923380,  0.10389247750394923380},
    {-0.10389247750394923380,  0.20292257568869858345},
    {-0.10389247750394923380,  0.29304361773384556515},
    {-0.10389247750394923380,  0.37076559279969721993},
    {-0.10389247750394923380,  0.43243221167988453639},
    {-0.10389247750394923380,  0.47455395617137926226},
    {-0.10389247750394923380,  0.49572768556040631960},
    { 0,                      -0.49572768556040631960},
    { 0,                      -0.47455395617137926226},
    { 0,                      -0.43243221167988453639},
    { 0,                      -0.37076559279969721993},
    { 0,                      -0.29304361773384556515},
    { 0,                      -0.20292257568869858345},
    { 0,                      -0.10389247750394923380},
    { 0,                       0},
    { 0,                       0.10389247750394923380},
    { 0,                       0.20292257568869858345},
    { 0,                       0.29304361773384556515},
    { 0,                       0.37076559279969721993},
    { 0,                       0.43243221167988453639},
    { 0,                       0.47455395617137926226},
    { 0,                       0.49572768556040631960},
    { 0.10389247750394923380, -0.49572768556040631960},
    { 0.10389247750394923380, -0.47455395617137926226},
    { 0.10389247750394923380, -0.43243221167988453639},
    { 0.10389247750394923380, -0.37076559279969721993},
    { 0.10389247750394923380, -0.29304361773384556515},
    { 0.10389247750394923380, -0.20292257568869858345},
    { 0.10389247750394923380, -0.10389247750394923380},
    { 0.10389247750394923380,  0},
    { 0.10389247750394923380,  0.10389247750394923380},
    { 0.10389247750394923380,  0.20292257568869858345},
    { 0.10389247750394923380,  0.29304361773384556515},
    { 0.10389247750394923380,  0.37076559279969721993},
    { 0.10389247750394923380,  0.43243221167988453639},
    { 0.10389247750394923380,  0.47455395617137926226},
    { 0.10389247750394923380,  0.49572768556040631960},
    { 0.20292257568869858345, -0.49572768556040631960},
    { 0.20292257568869858345, -0.47455395617137926226},
    { 0.20292257568869858345, -0.43243221167988453639},
    { 0.20292257568869858345, -0.37076559279969721993},
    { 0.20292257568869858345, -0.29304361773384556515},
    { 0.20292257568869858345, -0.20292257568869858345},
    { 0.20292257568869858345, -0.10389247750394923380},
    { 0.20292257568869858345,  0},
    { 0.20292257568869858345,  0.10389247750394923380},
    { 0.20292257568869858345,  0.20292257568869858345},
    { 0.20292257568869858345,  0.29304361773384556515},
    { 0.20292257568869858345,  0.37076559279969721993},
    { 0.20292257568869858345,  0.43243221167988453639},
    { 0.20292257568869858345,  0.47455395617137926226},
    { 0.20292257568869858345,  0.49572768556040631960},
    { 0.29304361773384556515, -0.49572768556040631960},
    { 0.29304361773384556515, -0.47455395617137926226},
    { 0.29304361773384556515, -0.43243221167988453639},
    { 0.29304361773384556515, -0.37076559279969721993},
    { 0.29304361773384556515, -0.29304361773384556515},
    { 0.29304361773384556515, -0.20292257568869858345},
    { 0.29304361773384556515, -0.10389247750394923380},
    { 0.29304361773384556515,  0},
    { 0.29304361773384556515,  0.10389247750394923380},
    { 0.29304361773384556515,  0.20292257568869858345},
    { 0.29304361773384556515,  0.29304361773384556515},
    { 0.29304361773384556515,  0.37076559279969721993},
    { 0.29304361773384556515,  0.43243221167988453639},
    { 0.29304361773384556515,  0.47455395617137926226},
    { 0.29304361773384556515,  0.49572768556040631960},
    { 0.37076559279969721993, -0.49572768556040631960},
    { 0.37076559279969721993, -0.47455395617137926226},
    { 0.37076559279969721993, -0.43243221167988453639},
    { 0.37076559279969721993, -0.37076559279969721993},
    { 0.37076559279969721993, -0.29304361773384556515},
    { 0.37076559279969721993, -0.20292257568869858345},
    { 0.37076559279969721993, -0.10389247750394923380},
    { 0.37076559279969721993,  0},
    { 0.37076559279969721993,  0.10389247750394923380},
    { 0.37076559279969721993,  0.20292257568869858345},
    { 0.37076559279969721993,  0.29304361773384556515},
    { 0.37076559279969721993,  0.37076559279969721993},
    { 0.37076559279969721993,  0.43243221167988453639},
    { 0.37076559279969721993,  0.47455395617137926226},
    { 0.37076559279969721993,  0.49572768556040631960},
    { 0.43243221167988453639, -0.49572768556040631960},
    { 0.43243221167988453639, -0.47455395617137926226},
    { 0.43243221167988453639, -0.43243221167988453639},
    { 0.43243221167988453639, -0.37076559279969721993},
    { 0.43243221167988453639, -0.29304361773384556515},
    { 0.43243221167988453639, -0.20292257568869858345},
    { 0.43243221167988453639, -0.10389247750394923380},
    { 0.43243221167988453639,  0},
    { 0.43243221167988453639,  0.10389247750394923380},
    { 0.43243221167988453639,  0.20292257568869858345},
    { 0.43243221167988453639,  0.29304361773384556515},
    { 0.43243221167988453639,  0.37076559279969721993},
    { 0.43243221167988453639,  0.43243221167988453639},
    { 0.43243221167988453639,  0.47455395617137926226},
    { 0.43243221167988453639,  0.49572768556040631960},
    { 0.47455395617137926226, -0.49572768556040631960},
    { 0.47455395617137926226, -0.47455395617137926226},
    { 0.47455395617137926226, -0.43243221167988453639},
    { 0.47455395617137926226, -0.37076559279969721993},
    { 0.47455395617137926226, -0.29304361773384556515},
    { 0.47455395617137926226, -0.20292257568869858345},
    { 0.47455395617137926226, -0.10389247750394923380},
    { 0.47455395617137926226,  0},
    { 0.47455395617137926226,  0.10389247750394923380},
    { 0.47455395617137926226,  0.20292257568869858345},
    { 0.47455395617137926226,  0.29304361773384556515},
    { 0.47455395617137926226,  0.37076559279969721993},
    { 0.47455395617137926226,  0.43243221167988453639},
    { 0.47455395617137926226,  0.47455395617137926226},
    { 0.47455395617137926226,  0.49572768556040631960},
    { 0.49572768556040631960, -0.49572768556040631960},
    { 0.49572768556040631960, -0.47455395617137926226},
    { 0.49572768556040631960, -0.43243221167988453639},
    { 0.49572768556040631960, -0.37076559279969721993},
    { 0.49572768556040631960, -0.29304361773384556515},
    { 0.49572768556040631960, -0.20292257568869858345},
    { 0.49572768556040631960, -0.10389247750394923380},
    { 0.49572768556040631960,  0},
    { 0.49572768556040631960,  0.10389247750394923380},
    { 0.49572768556040631960,  0.20292257568869858345},
    { 0.49572768556040631960,  0.29304361773384556515},
    { 0.49572768556040631960,  0.37076559279969721993},
    { 0.49572768556040631960,  0.43243221167988453639},
    { 0.49572768556040631960,  0.47455395617137926226},
    { 0.49572768556040631960,  0.49572768556040631960}
};

const double QUAD_G7K15_WHT[] = {
    0.00013150724893166658250,
    0.0003617593651966739524,
    0.0006008481575568723309,
    0.0008064819508515462898,
    0.0009690444566932689956,
    0.0010914379507015585739,
    0.0011721838275465511900,
    0.001201135090308336652,
    0.0011721838275465511900,
    0.0010914379507015585739,
    0.0009690444566932689956,
    0.0008064819508515462898,
    0.0006008481575568723309,
    0.0003617593651966739524,
    0.00013150724893166658250,
    0.0003617593651966739524,
    0.000995153038107448520,
    0.001652855259486954337,
    0.002218527122670098041,
    0.002665715467007223631,
    0.003002404075858351207,
    0.003224525497962403120,
    0.003304166662410971025,
    0.003224525497962403120,
    0.003002404075858351207,
    0.002665715467007223631,
    0.002218527122670098041,
    0.001652855259486954337,
    0.000995153038107448520,
    0.0003617593651966739524,
    0.0006008481575568723309,
    0.001652855259486954337,
    0.0027452365658343250195,
    0.003684764134362024245,
    0.0044275017622594885398,
    0.004986709760063788132,
    0.005355632475174631053,
    0.005487908931648924605,
    0.005355632475174631053,
    0.004986709760063788132,
    0.0044275017622594885398,
    0.003684764134362024245,
    0.0027452365658343250195,
    0.001652855259486954337,
    0.0006008481575568723309,
    0.0008064819508515462898,
    0.002218527122670098041,
    0.003684764134362024245,
    0.004945834867150796563,
    0.005942766427286102552,
    0.006693357323386688324,
    0.007188539853704890472,
    0.00736608649893866640,
    0.007188539853704890472,
    0.006693357323386688324,
    0.005942766427286102552,
    0.004945834867150796563,
    0.003684764134362024245,
    0.002218527122670098041,
    0.0008064819508515462898,
    0.0009690444566932689956,
    0.002665715467007223631,
    0.0044275017622594885398,
    0.005942766427286102552,
    0.007140649406603417481,
    0.008042536852866420823,
    0.008637533288371931388,
    0.008850867997458244592,
    0.008637533288371931388,
    0.008042536852866420823,
    0.007140649406603417481,
    0.005942766427286102552,
    0.0044275017622594885398,
    0.002665715467007223631,
    0.0009690444566932689956,
    0.0010914379507015585739,
    0.003002404075858351207,
    0.004986709760063788132,
    0.006693357323386688324,
    0.008042536852866420823,
    0.00905833564239949111,
    0.009728482079704194879,
    0.00996876166243171885,
    0.009728482079704194879,
    0.00905833564239949111,
    0.008042536852866420823,
    0.006693357323386688324,
    0.004986709760063788132,
    0.003002404075858351207,
    0.0010914379507015585739,
    0.0011721838275465511900,
    0.003224525497962403120,
    0.005355632475174631053,
    0.007188539853704890472,
    0.008637533288371931388,
    0.009728482079704194879,
    0.010448206746957686979,
    0.01070626249880486805,
    0.010448206746957686979,
    0.009728482079704194879,
    0.008637533288371931388,
    0.007188539853704890472,
    0.005355632475174631053,
    0.003224525497962403120,
    0.0011721838275465511900,
    0.001201135090308336652,
    0.003304166662410971025,
    0.005487908931648924605,
    0.00736608649893866640,
    0.008850867997458244592,
    0.00996876166243171885,
    0.01070626249880486805,
    0.01097069185836045366,
    0.01070626249880486805,
    0.00996876166243171885,
    0.008850867997458244592,
    0.00736608649893866640,
    0.005487908931648924605,
    0.003304166662410971025,
    0.001201135090308336652,
    0.0011721838275465511900,
    0.003224525497962403120,
    0.005355632475174631053,
    0.007188539853704890472,
    0.008637533288371931388,
    0.009728482079704194879,
    0.010448206746957686979,
    0.01070626249880486805,
    0.010448206746957686979,
    0.009728482079704194879,
    0.008637533288371931388,
    0.007188539853704890472,
    0.005355632475174631053,
    0.003224525497962403120,
    0.0011721838275465511900,
    0.0010914379507015585739,
    0.003002404075858351207,
    0.004986709760063788132,
    0.006693357323386688324,
    0.008042536852866420823,
    0.00905833564239949111,
    0.009728482079704194879,
    0.00996876166243171885,
    0.009728482079704194879,
    0.00905833564239949111,
    0.008042536852866420823,
    0.006693357323386688324,
    0.004986709760063788132,
    0.003002404075858351207,
    0.0010914379507015585739,
    0.0009690444566932689956,
    0.002665715467007223631,
    0.0044275017622594885398,
    0.005942766427286102552,
    0.007140649406603417481,
    0.008042536852866420823,
    0.008637533288371931388,
    0.008850867997458244592,
    0.008637533288371931388,
    0.008042536852866420823,
    0.007140649406603417481,
    0.005942766427286102552,
    0.0044275017622594885398,
    0.002665715467007223631,
    0.0009690444566932689956,
    0.0008064819508515462898,
    0.002218527122670098041,
    0.003684764134362024245,
    0.004945834867150796563,
    0.005942766427286102552,
    0.006693357323386688324,
    0.007188539853704890472,
    0.00736608649893866640,
    0.007188539853704890472,
    0.006693357323386688324,
    0.005942766427286102552,
    0.004945834867150796563,
    0.003684764134362024245,
    0.002218527122670098041,
    0.0008064819508515462898,
    0.0006008481575568723309,
    0.001652855259486954337,
    0.0027452365658343250195,
    0.003684764134362024245,
    0.0044275017622594885398,
    0.004986709760063788132,
    0.005355632475174631053,
    0.005487908931648924605,
    0.005355632475174631053,
    0.004986709760063788132,
    0.0044275017622594885398,
    0.003684764134362024245,
    0.0027452365658343250195,
    0.001652855259486954337,
    0.0006008481575568723309,
    0.0003617593651966739524,
    0.000995153038107448520,
    0.001652855259486954337,
    0.002218527122670098041,
    0.002665715467007223631,
    0.003002404075858351207,
    0.003224525497962403120,
    0.003304166662410971025,
    0.003224525497962403120,
    0.003002404075858351207,
    0.002665715467007223631,
    0.002218527122670098041,
    0.001652855259486954337,
    0.000995153038107448520,
    0.0003617593651966739524,
    0.00013150724893166658250,
    0.0003617593651966739524,
    0.0006008481575568723309,
    0.0008064819508515462898,
    0.0009690444566932689956,
    0.0010914379507015585739,
    0.0011721838275465511900,
    0.001201135090308336652,
    0.0011721838275465511900,
    0.0010914379507015585739,
    0.0009690444566932689956,
    0.0008064819508515462898,
    0.0006008481575568723309,
    0.0003617593651966739524,
    0.00013150724893166658250
};

const double QUAD_G7K15_ERR[] = {
     0.00013150724893166658250,
    -0.0003806854834547033300,
     0.0006008481575568723309,
    -0.0007973013546203789392,
     0.0009690444566932689956,
    -0.0010979108397063264637,
     0.0011721838275465511900,
    -0.0011953720258939007322,
     0.0011721838275465511900,
    -0.0010979108397063264637,
     0.0009690444566932689956,
    -0.0007973013546203789392,
     0.0006008481575568723309,
    -0.0003806854834547033300,
     0.00013150724893166658250,
    -0.0003806854834547033300,
     0.0011020034141877978314,
    -0.0017393274758660634128,
     0.0023080176500419650077,
    -0.0028051773608089451215,
     0.003178218099756163914,
    -0.003393222584400757482,
     0.003460347481089085187,
    -0.003393222584400757482,
     0.003178218099756163914,
    -0.0028051773608089451215,
     0.0023080176500419650077,
    -0.0017393274758660634128,
     0.0011020034141877978314,
    -0.0003806854834547033300,
     0.0006008481575568723309,
    -0.0017393274758660634128,
     0.0027452365658343250195,
    -0.003642818580975558442,
     0.0044275017622594885398,
    -0.005016283973380392684,
     0.005355632475174631053,
    -0.005461577861206604808,
     0.005355632475174631053,
    -0.005016283973380392684,
     0.0044275017622594885398,
    -0.003642818580975558442,
     0.0027452365658343250195,
    -0.0017393274758660634128,
     0.0006008481575568723309,
    -0.0007973013546203789392,
     0.0023080176500419650077,
    -0.003642818580975558442,
     0.004833873837706135666,
    -0.005875116879757551004,
     0.006656407208435383412,
    -0.007106709030561437997,
     0.007247294299462884594,
    -0.007106709030561437997,
     0.006656407208435383412,
    -0.005875116879757551004,
     0.004833873837706135666,
    -0.003642818580975558442,
     0.0023080176500419650077,
    -0.0007973013546203789392,
     0.0009690444566932689956,
    -0.0028051773608089451215,
     0.0044275017622594885398,
    -0.005875116879757551004,
     0.007140649406603417481,
    -0.008090233974202450305,
     0.008637533288371931388,
    -0.008808401398318319948,
     0.008637533288371931388,
    -0.008090233974202450305,
     0.007140649406603417481,
    -0.005875116879757551004,
     0.0044275017622594885398,
    -0.0028051773608089451215,
     0.0009690444566932689956,
    -0.0010979108397063264637,
     0.003178218099756163914,
    -0.005016283973380392684,
     0.006656407208435383412,
    -0.008090233974202450305,
     0.009166097091507112445,
    -0.009786177878761137836,
     0.009979768532703295035,
    -0.009786177878761137836,
     0.009166097091507112445,
    -0.008090233974202450305,
     0.006656407208435383412,
    -0.005016283973380392684,
     0.003178218099756163914,
    -0.0010979108397063264637,
     0.0011721838275465511900,
    -0.003393222584400757482,
     0.005355632475174631053,
    -0.007106709030561437997,
     0.008637533288371931388,
    -0.009786177878761137836,
     0.010448206746957686979,
    -0.010654893688654934590,
     0.010448206746957686979,
    -0.009786177878761137836,
     0.008637533288371931388,
    -0.007106709030561437997,
     0.005355632475174631053,
    -0.003393222584400757482,
     0.0011721838275465511900,
    -0.0011953720258939007322,
     0.003460347481089085187,
    -0.005461577861206604808,
     0.007247294299462884594,
    -0.008808401398318319948,
     0.009979768532703295035,
    -0.010654893688654934590,
     0.01086566932163699053,
    -0.010654893688654934590,
     0.009979768532703295035,
    -0.008808401398318319948,
     0.007247294299462884594,
    -0.005461577861206604808,
     0.003460347481089085187,
    -0.0011953720258939007322,
     0.0011721838275465511900,
    -0.003393222584400757482,
     0.005355632475174631053,
    -0.007106709030561437997,
     0.008637533288371931388,
    -0.009786177878761137836,
     0.010448206746957686979,
    -0.010654893688654934590,
     0.010448206746957686979,
    -0.009786177878761137836,
     0.008637533288371931388,
    -0.007106709030561437997,
     0.005355632475174631053,
    -0.003393222584400757482,
     0.0011721838275465511900,
    -0.0010979108397063264637,
     0.003178218099756163914,
    -0.005016283973380392684,
     0.006656407208435383412,
    -0.008090233974202450305,
     0.009166097091507112445,
    -0.009786177878761137836,
     0.009979768532703295035,
    -0.009786177878761137836,
     0.009166097091507112445,
    -0.008090233974202450305,
     0.006656407208435383412,
    -0.005016283973380392684,
     0.003178218099756163914,
    -0.0010979108397063264637,
     0.0009690444566932689956,
    -0.0028051773608089451215,
     0.0044275017622594885398,
    -0.005875116879757551004,
     0.007140649406603417481,
    -0.008090233974202450305,
     0.008637533288371931388,
    -0.008808401398318319948,
     0.008637533288371931388,
    -0.008090233974202450305,
     0.007140649406603417481,
    -0.005875116879757551004,
     0.0044275017622594885398,
    -0.0028051773608089451215,
     0.0009690444566932689956,
    -0.0007973013546203789392,
     0.0023080176500419650077,
    -0.003642818580975558442,
     0.004833873837706135666,
    -0.005875116879757551004,
     0.006656407208435383412,
    -0.007106709030561437997,
     0.007247294299462884594,
    -0.007106709030561437997,
     0.006656407208435383412,
    -0.005875116879757551004,
     0.004833873837706135666,
    -0.003642818580975558442,
     0.0023080176500419650077,
    -0.0007973013546203789392,
     0.0006008481575568723309,
    -0.0017393274758660634128,
     0.0027452365658343250195,
    -0.003642818580975558442,
     0.0044275017622594885398,
    -0.005016283973380392684,
     0.005355632475174631053,
    -0.005461577861206604808,
     0.005355632475174631053,
    -0.005016283973380392684,
     0.0044275017622594885398,
    -0.003642818580975558442,
     0.0027452365658343250195,
    -0.0017393274758660634128,
     0.0006008481575568723309,
    -0.0003806854834547033300,
     0.0011020034141877978314,
    -0.0017393274758660634128,
     0.0023080176500419650077,
    -0.0028051773608089451215,
     0.003178218099756163914,
    -0.003393222584400757482,
     0.003460347481089085187,
    -0.003393222584400757482,
     0.003178218099756163914,
    -0.0028051773608089451215,
     0.0023080176500419650077,
    -0.0017393274758660634128,
     0.0011020034141877978314,
    -0.0003806854834547033300,
     0.00013150724893166658250,
    -0.0003806854834547033300,
     0.0006008481575568723309,
    -0.0007973013546203789392,
     0.0009690444566932689956,
    -0.0010979108397063264637,
     0.0011721838275465511900,
    -0.0011953720258939007322,
     0.0011721838275465511900,
    -0.0010979108397063264637,
     0.0009690444566932689956,
    -0.0007973013546203789392,
     0.0006008481575568723309,
    -0.0003806854834547033300,
     0.00013150724893166658250
};
